image_width: 1920
image_height: 1080
camera_name: camera_3
camera_matrix:
  rows: 3
  cols: 3
  data: [ 631.427815,   0.000000  ,   591.630150,0.000000  ,   629.665030,   373.491444, 0.000000  ,   0.000000  ,   1.000000   ]
distortion_model: plumb_bob
distortion_coefficients:
  rows: 1
  cols: 5
  data: [-0.320109, 0.083221, 0.000022, 0.001102, 0.000000]
rectification_matrix:
  rows: 3
  cols: 3
  data: [0.999571, -0.027436, -0.010285, 0.027767, 0.999050, 0.033595, 0.009354, -0.033866, 0.999383]
projection_matrix:
  rows: 3
  cols: 4
  data: [734.174543, 0.000000, 400.643105, 0.000000, 0.000000, 734.174543, 304.526749, 0.000000, 0.000000, 0.000000, 1.000000, 0.000000]