image_width: 1920
image_height: 1080
camera_name: camera1
camera_matrix:
  rows: 3
  cols: 3
  data: [976.9670646752725, 0.0, 973.9518722470903, 0.0, 980.179813068277, 536.0685348401886, 0.0, 0.0, 1.0]
distortion_model: plumb_bob
distortion_coefficients:
  rows: 1
  cols: 5
  data: [-0.2988990023036106, 0.06379734230476648, 0.0004338267889546496, -0.002010549010600402, 0.0]
projection_matrix:
  rows: 3
  cols: 4
  data: [976.9670646752725, 0.0, 973.9518722470903, 0.0, 0.0, 980.179813068277, 536.0685348401886, 0.0, 0.0, 0.0,
    1.0, 0.0]
rectification_matrix:
  rows: 3
  cols: 3
  data: [1.0, 0.0, 0.0, 0.0, 1.0, 0.0, 0.0, 0.0, 1.0]
