image_width: 1920
image_height: 1080
camera_name: camera_3
camera_matrix:
  rows: 3
  cols: 3
  data: [993.94341,   0.     , 934.13433,
           0.     , 994.73764, 504.86615,
           0.     ,   0.     ,   1.     ]
distortion_model: plumb_bob
distortion_coefficients:
  rows: 1
  cols: 5
  data: [-0.282524, 0.055932, 0.006350, 0.000870, 0.000000]
rectification_matrix:
  rows: 3
  cols: 3
  data: [1., 0., 0.,
         0., 1., 0.,
         0., 0., 1.]
projection_matrix:
  rows: 3
  cols: 4
  data: [993.94341,   0.     , 934.13433,   0.     ,
           0.     , 994.73764, 504.86615,   0.     ,
           0.     ,   0.     ,   1.     ,   0.     ]
