image_width: 1920
image_height: 1080
camera_name: camera_1
camera_matrix:
  rows: 3
  cols: 3
  data: [980.60835,   0.     , 970.83607,
           0.     , 983.08804, 518.39926,
           0.     ,   0.     ,   1.     ]
distortion_model: plumb_bob
distortion_coefficients:
  rows: 1
  cols: 5
  data: [-0.295233, 0.062404, 0.003610, 0.001023, 0.000000]
rectification_matrix:
  rows: 3
  cols: 3
  data: [1., 0., 0.,
         0., 1., 0.,
         0., 0., 1.]
projection_matrix:
  rows: 3
  cols: 4
  data: [980.60835,   0.     , 970.83607,   0.     ,
           0.     , 983.08804, 518.39926,   0.     ,
           0.     ,   0.     ,   1.     ,   0.     ]
