image_width: 1920
image_height: 1080
camera_name: camera_2
camera_matrix:
  rows: 3
  cols: 3
  data: [969.83603,   0.     , 918.49111,
           0.     , 973.98541, 513.53322,
           0.     ,   0.     ,   1.     ]
distortion_model: plumb_bob
distortion_coefficients:
  rows: 1
  cols: 5
  data: [-0.292311, 0.059194, 0.003835, 0.004955, 0.000000]
rectification_matrix:
  rows: 3
  cols: 3
  data: [1., 0., 0.,
         0., 1., 0.,
         0., 0., 1.]
projection_matrix:
  rows: 3
  cols: 4
  data: [969.83603,   0.     , 918.49111,   0.     ,
           0.     , 973.98541, 513.53322,   0.     ,
           0.     ,   0.     ,   1.     ,   0.     ]
